image: elevator.pgm
resolution: 0.0750000
origin: [-12.0, -12.0, 0.000000]
negate: 0
occupied_thresh: 0.65
free_thresh: 0.196